-240.00473022461;676.23010253906;-215.96875;1;A Site (Left);-27.869998931885;-34.520000457764;250;0;0;0;0;0;0
-235.91801452637;417.89779663086;-215.96875;1;A Site;-18.859998703003;-24.019998550415;250;0;0;0;0;0;0
-266.76452636719;41.217727661133;-215.96875;1;A Site;-20.879999160767;-0.089999996125698;250;0;0;0;0;0;0
-249.08059692383;61.394508361816;-215.96875;1;Sniper Nest;-32.25;-20.020000457764;250;0;0;1;0;0;0
-103.19041442871;418.96875;-215.96875;1;A Site;-6.5299997329712;-53.899997711182;250;0;1;0;0;0;0
-194.53829956055;678.49127197266;-215.96875;1;Sniper Nest;-8.3000001907349;-48.329998016357;250;0;1;0;0;0;0
-915.59063720703;625.35479736328;-215.96875;3;Bomb Train;-17.719999313354;-23.439998626709;250;1;0;0;20;450;0
130.05657958984;460.42193603516;-215.96875;1;Heaven;-1.4499999284744;-54.259998321533;250;1;1;0;4;450;0
141.30271911621;539.68597412109;-215.96875;1;Heaven;-26.5;-56.719997406006;250;1;0;0;5;450;0
-387.05627441406;417.17376708984;-215.96875;1;Heaven;-28.189998626709;-33.979999542236;250;1;0;0;3;450;0
1036.4709472656;587.68920898438;-215.96875;3;Heaven;-26.739999771118;-108.26999664307;250;1;0;0;18;450;0
1131.9289550781;591.96875;-215.96875;1;Connector;-18.389999389648;-128.23999023438;250;1;0;0;20;450;0
1247.0920410156;-70.61547088623;-215.96875;3;Heaven;-24.680000305176;-157.17999267578;250;0;0;0;0;0;0
623.91369628906;-530.97698974609;-216.67794799805;3;Electrical Box;7.2799997329712;133.93013000488;250;1;1;0;11;450;0
623.91369628906;-530.974609375;-216.6678314209;1;Electrical Box;7.1999998092651;133.95999145508;250;1;1;0;6;450;0
1294.3596191406;400.02493286133;-215.96875;3;Five Seven Spot;-4.9400000572205;175.48999023438;250;0;0;0;0;0;0
1294.3571777344;400.02493286133;-215.96875;1;Five Seven Spot;-7.2799997329712;175.48999023438;250;0;0;0;0;0;0
-357.01382446289;418.72644042969;-215.96875;3;Heaven;-2.8199999332428;-35.439998626709;250;1;1;0;11;450;0
-8.8165721893311;418.98046875;-215.96875;3;Heaven;-3.5699999332428;-45.629997253418;250;1;1;0;3;450;0
1180.5014648438;-196.05508422852;-214.96875;1;Heaven;-32.180000305176;-167.69000244141;250;0;0;0;0;0;0
1180.5014648438;-196.05508422852;-214.96875;3;Heaven;-32.180000305176;-167.69000244141;250;0;0;0;0;0;0
-416.17291259766;389.7307434082;-214.96875;3;Plant;-3.3999998569489;-36.959999084473;250;1;1;0;20;450;0
-367.58361816406;-83.860733032227;-215.96875;3;Ivy;4.2300000190735;23.229999542236;250;1;1;0;21;450;0
500.03002929688;-355.28173828125;-215.96875;1;Heaven;3;95.529998779297;250;1;1;0;10;450;0
500.03002929688;-355.28173828125;-215.96875;3;Heaven;3;95.529998779297;250;1;1;0;10;450;0
581.42883300781;49.50463104248;-134.40859985352;1;Droproom;-30.569999694824;-154.25999450684;250;1;0;0;15;450;0
759.43817138672;731.96276855469;-211.96875;1;Heaven;-2.8799998760223;-93.229995727539;250;0;1;0;1;0;0
224.73115539551;356.12365722656;-215.96875;1;Site A;-22.199998855591;-20.659999847412;250;1;0;0;14;450;0
169.9367980957;447.79010009766;-215.96875;1;Site A (Right);-31.799999237061;-69.180000305176;250;0;0;0;0;0;0
-337.39526367188;306.53039550781;-214.96875;1;Site A;-33.110000610352;-12.840000152588;250;0;0;0;0;0;0
1090.0362548828;561.20025634766;-215.96875;1;Connector;-17.5;-124;250;0;0;1;0;0;0
1242.0665283203;956.29669189453;-223.96875;1;AWP Corner;-18.319999694824;-59.899997711182;250;1;0;0;27;450;0
1090.2858886719;440.47180175781;-215.96875;1;Plant Back;-12.170000076294;-158.36000061035;250;1;0;0;1;450;0
1090.3006591797;440.47772216797;-215.96875;3;Plant Back;-12.170000076294;-158.36000061035;250;1;0;0;1;450;0
1090.3006591797;440.47772216797;-215.96875;3;Plant;-13.130000114441;-158.41000366211;250;1;0;0;1;450;0
1503.8171386719;676.61383056641;-215.96875;1;Plant Center;7.5499997138977;-155.34999084473;250;1;1;0;20;450;0
-578.09893798828;-418.42861938477;-215.96875;1;Plant;9.1700000762939;34.329998016357;250;1;1;0;21;450;0
548.85626220703;-27.674070358276;-131.67225646973;1;Upper Stairs;-30.5;-160.70999145508;250;1;0;0;2;450;0
548.85626220703;-27.674070358276;-131.67225646973;3;Upper Stairs;-31.549999237061;-160.70999145508;250;1;0;0;4;450;0
728.77380371094;-669.92114257813;-211.96875;1;Five Seven;-1.4299999475479;128.67999267578;250;1;1;0;29;450;0
728.77380371094;-669.92114257813;-211.96875;3;Five Seven;-1.4299999475479;128.67999267578;250;1;1;0;29;450;0
1007.8002929688;144.07330322266;-215.96875;1;Drop Room;2.8499999046326;-164.08999633789;250;1;1;0;7;450;0
1080.0955810547;517.90234375;-218.00624084473;1;R Corner;-13.829999923706;-129.30000305176;250;1;0;0;15;450;0
1080.0955810547;517.90234375;-218.00624084473;3;R Corner;-13.829999923706;-129.30000305176;250;1;0;0;15;450;0
-504.64804077148;-366.73480224609;-215.96875;1;Five Seven;6.75;22.010000228882;250;1;1;0;6;450;0
-504.64804077148;-366.73480224609;-215.96875;3;Five Seven;6.75;22.010000228882;250;1;1;0;6;450;0
-514.97155761719;-362.34368896484;-215.96875;3;Plant;5.7799997329712;18.340000152588;250;1;1;0;7;450;0
-557.95068359375;-380.01260375977;-215.96875;3;Back Plant;-21.920000076294;19.270000457764;250;1;0;0;7;450;0
-756.72680664063;613.71453857422;-215.96875;1;Five Seven;3.2400000095367;-14.729999542236;250;1;1;0;8;450;0
-756.64086914063;613.67028808594;-215.96875;1;Heaven;-32.669998168945;-32.119998931885;250;1;0;0;22;450;0
-308.53518676758;48.361576080322;-215.96875;1;Plant;-15.339999198914;-4.3399996757507;250;0;0;0;0;0;0
-308.53518676758;48.361576080322;-215.96875;3;Plant;-15.339999198914;-4.3399996757507;250;0;0;0;0;0;0
-756.51275634766;613.72338867188;-215.96875;1;Plant;-26.39999961853;-23.309999465942;250;1;0;0;2;450;0
-858.47686767578;510.08419799805;-219.96875;3;Train (FD);0;-0.6599999666214;250;1;1;0;15;450;0
-308.55758666992;48.377773284912;-215.96875;3;Plant (FAR);-18.25;-5.5;250;1;0;0;1;75;0